{
 "cells": [
  {
   "cell_type": "markdown",
   "metadata": {},
   "source": [
    "This exercise has been done with the help of videos on Knowledge Shelf YouTube Channel."
   ]
  },
  {
   "cell_type": "code",
   "execution_count": 1,
   "metadata": {},
   "outputs": [],
   "source": [
    "import pandas as pd"
   ]
  },
  {
   "cell_type": "code",
   "execution_count": 2,
   "metadata": {},
   "outputs": [],
   "source": [
    "google = pd.read_csv(\"gsp.csv\")"
   ]
  },
  {
   "cell_type": "code",
   "execution_count": 3,
   "metadata": {},
   "outputs": [
    {
     "data": {
      "text/html": [
       "<div>\n",
       "<style scoped>\n",
       "    .dataframe tbody tr th:only-of-type {\n",
       "        vertical-align: middle;\n",
       "    }\n",
       "\n",
       "    .dataframe tbody tr th {\n",
       "        vertical-align: top;\n",
       "    }\n",
       "\n",
       "    .dataframe thead th {\n",
       "        text-align: right;\n",
       "    }\n",
       "</style>\n",
       "<table border=\"1\" class=\"dataframe\">\n",
       "  <thead>\n",
       "    <tr style=\"text-align: right;\">\n",
       "      <th></th>\n",
       "      <th>Date</th>\n",
       "      <th>Open</th>\n",
       "      <th>High</th>\n",
       "      <th>Low</th>\n",
       "      <th>Close</th>\n",
       "      <th>Adj Close</th>\n",
       "      <th>Volume</th>\n",
       "    </tr>\n",
       "  </thead>\n",
       "  <tbody>\n",
       "    <tr>\n",
       "      <th>62</th>\n",
       "      <td>03-04-2018</td>\n",
       "      <td>1013.909973</td>\n",
       "      <td>1020.989990</td>\n",
       "      <td>994.070007</td>\n",
       "      <td>1013.409973</td>\n",
       "      <td>1013.409973</td>\n",
       "      <td>2275100</td>\n",
       "    </tr>\n",
       "    <tr>\n",
       "      <th>59</th>\n",
       "      <td>28-03-2018</td>\n",
       "      <td>998.000000</td>\n",
       "      <td>1024.229980</td>\n",
       "      <td>980.640015</td>\n",
       "      <td>1004.559998</td>\n",
       "      <td>1004.559998</td>\n",
       "      <td>3369300</td>\n",
       "    </tr>\n",
       "    <tr>\n",
       "      <th>63</th>\n",
       "      <td>04-04-2018</td>\n",
       "      <td>993.409973</td>\n",
       "      <td>1028.718018</td>\n",
       "      <td>993.000000</td>\n",
       "      <td>1025.140015</td>\n",
       "      <td>1025.140015</td>\n",
       "      <td>2484700</td>\n",
       "    </tr>\n",
       "    <tr>\n",
       "      <th>84</th>\n",
       "      <td>03-05-2018</td>\n",
       "      <td>1019.000000</td>\n",
       "      <td>1029.675049</td>\n",
       "      <td>1006.289978</td>\n",
       "      <td>1023.719971</td>\n",
       "      <td>1023.719971</td>\n",
       "      <td>1815100</td>\n",
       "    </tr>\n",
       "    <tr>\n",
       "      <th>68</th>\n",
       "      <td>11-04-2018</td>\n",
       "      <td>1027.989990</td>\n",
       "      <td>1031.364014</td>\n",
       "      <td>1015.869995</td>\n",
       "      <td>1019.969971</td>\n",
       "      <td>1019.969971</td>\n",
       "      <td>1483900</td>\n",
       "    </tr>\n",
       "    <tr>\n",
       "      <th>...</th>\n",
       "      <td>...</td>\n",
       "      <td>...</td>\n",
       "      <td>...</td>\n",
       "      <td>...</td>\n",
       "      <td>...</td>\n",
       "      <td>...</td>\n",
       "      <td>...</td>\n",
       "    </tr>\n",
       "    <tr>\n",
       "      <th>47</th>\n",
       "      <td>12-03-2018</td>\n",
       "      <td>1163.849976</td>\n",
       "      <td>1177.050049</td>\n",
       "      <td>1157.420044</td>\n",
       "      <td>1164.500000</td>\n",
       "      <td>1164.500000</td>\n",
       "      <td>2172300</td>\n",
       "    </tr>\n",
       "    <tr>\n",
       "      <th>118</th>\n",
       "      <td>21-06-2018</td>\n",
       "      <td>1174.849976</td>\n",
       "      <td>1177.295044</td>\n",
       "      <td>1152.232056</td>\n",
       "      <td>1157.660034</td>\n",
       "      <td>1157.660034</td>\n",
       "      <td>1238100</td>\n",
       "    </tr>\n",
       "    <tr>\n",
       "      <th>15</th>\n",
       "      <td>24-01-2018</td>\n",
       "      <td>1177.329956</td>\n",
       "      <td>1179.859985</td>\n",
       "      <td>1161.050049</td>\n",
       "      <td>1164.239990</td>\n",
       "      <td>1164.239990</td>\n",
       "      <td>1416600</td>\n",
       "    </tr>\n",
       "    <tr>\n",
       "      <th>117</th>\n",
       "      <td>20-06-2018</td>\n",
       "      <td>1175.310059</td>\n",
       "      <td>1186.286011</td>\n",
       "      <td>1169.160034</td>\n",
       "      <td>1169.839966</td>\n",
       "      <td>1169.839966</td>\n",
       "      <td>1648500</td>\n",
       "    </tr>\n",
       "    <tr>\n",
       "      <th>18</th>\n",
       "      <td>29-01-2018</td>\n",
       "      <td>1176.479980</td>\n",
       "      <td>1186.890015</td>\n",
       "      <td>1171.979980</td>\n",
       "      <td>1175.579956</td>\n",
       "      <td>1175.579956</td>\n",
       "      <td>1378900</td>\n",
       "    </tr>\n",
       "  </tbody>\n",
       "</table>\n",
       "<p>125 rows × 7 columns</p>\n",
       "</div>"
      ],
      "text/plain": [
       "           Date         Open         High          Low        Close  \\\n",
       "62   03-04-2018  1013.909973  1020.989990   994.070007  1013.409973   \n",
       "59   28-03-2018   998.000000  1024.229980   980.640015  1004.559998   \n",
       "63   04-04-2018   993.409973  1028.718018   993.000000  1025.140015   \n",
       "84   03-05-2018  1019.000000  1029.675049  1006.289978  1023.719971   \n",
       "68   11-04-2018  1027.989990  1031.364014  1015.869995  1019.969971   \n",
       "..          ...          ...          ...          ...          ...   \n",
       "47   12-03-2018  1163.849976  1177.050049  1157.420044  1164.500000   \n",
       "118  21-06-2018  1174.849976  1177.295044  1152.232056  1157.660034   \n",
       "15   24-01-2018  1177.329956  1179.859985  1161.050049  1164.239990   \n",
       "117  20-06-2018  1175.310059  1186.286011  1169.160034  1169.839966   \n",
       "18   29-01-2018  1176.479980  1186.890015  1171.979980  1175.579956   \n",
       "\n",
       "       Adj Close   Volume  \n",
       "62   1013.409973  2275100  \n",
       "59   1004.559998  3369300  \n",
       "63   1025.140015  2484700  \n",
       "84   1023.719971  1815100  \n",
       "68   1019.969971  1483900  \n",
       "..           ...      ...  \n",
       "47   1164.500000  2172300  \n",
       "118  1157.660034  1238100  \n",
       "15   1164.239990  1416600  \n",
       "117  1169.839966  1648500  \n",
       "18   1175.579956  1378900  \n",
       "\n",
       "[125 rows x 7 columns]"
      ]
     },
     "execution_count": 3,
     "metadata": {},
     "output_type": "execute_result"
    }
   ],
   "source": [
    "google.sort_values(\"High\")"
   ]
  },
  {
   "cell_type": "markdown",
   "metadata": {},
   "source": [
    "Previous statement has sorted the table in ascending order using values in \"High\" column. This function can be used on strings as well. It will sort the strings in A to Z order."
   ]
  },
  {
   "cell_type": "code",
   "execution_count": 4,
   "metadata": {},
   "outputs": [
    {
     "data": {
      "text/html": [
       "<div>\n",
       "<style scoped>\n",
       "    .dataframe tbody tr th:only-of-type {\n",
       "        vertical-align: middle;\n",
       "    }\n",
       "\n",
       "    .dataframe tbody tr th {\n",
       "        vertical-align: top;\n",
       "    }\n",
       "\n",
       "    .dataframe thead th {\n",
       "        text-align: right;\n",
       "    }\n",
       "</style>\n",
       "<table border=\"1\" class=\"dataframe\">\n",
       "  <thead>\n",
       "    <tr style=\"text-align: right;\">\n",
       "      <th></th>\n",
       "      <th>Date</th>\n",
       "      <th>Open</th>\n",
       "      <th>High</th>\n",
       "      <th>Low</th>\n",
       "      <th>Close</th>\n",
       "      <th>Adj Close</th>\n",
       "      <th>Volume</th>\n",
       "    </tr>\n",
       "  </thead>\n",
       "  <tbody>\n",
       "    <tr>\n",
       "      <th>18</th>\n",
       "      <td>29-01-2018</td>\n",
       "      <td>1176.479980</td>\n",
       "      <td>1186.890015</td>\n",
       "      <td>1171.979980</td>\n",
       "      <td>1175.579956</td>\n",
       "      <td>1175.579956</td>\n",
       "      <td>1378900</td>\n",
       "    </tr>\n",
       "    <tr>\n",
       "      <th>117</th>\n",
       "      <td>20-06-2018</td>\n",
       "      <td>1175.310059</td>\n",
       "      <td>1186.286011</td>\n",
       "      <td>1169.160034</td>\n",
       "      <td>1169.839966</td>\n",
       "      <td>1169.839966</td>\n",
       "      <td>1648500</td>\n",
       "    </tr>\n",
       "    <tr>\n",
       "      <th>15</th>\n",
       "      <td>24-01-2018</td>\n",
       "      <td>1177.329956</td>\n",
       "      <td>1179.859985</td>\n",
       "      <td>1161.050049</td>\n",
       "      <td>1164.239990</td>\n",
       "      <td>1164.239990</td>\n",
       "      <td>1416600</td>\n",
       "    </tr>\n",
       "    <tr>\n",
       "      <th>118</th>\n",
       "      <td>21-06-2018</td>\n",
       "      <td>1174.849976</td>\n",
       "      <td>1177.295044</td>\n",
       "      <td>1152.232056</td>\n",
       "      <td>1157.660034</td>\n",
       "      <td>1157.660034</td>\n",
       "      <td>1238100</td>\n",
       "    </tr>\n",
       "    <tr>\n",
       "      <th>47</th>\n",
       "      <td>12-03-2018</td>\n",
       "      <td>1163.849976</td>\n",
       "      <td>1177.050049</td>\n",
       "      <td>1157.420044</td>\n",
       "      <td>1164.500000</td>\n",
       "      <td>1164.500000</td>\n",
       "      <td>2172300</td>\n",
       "    </tr>\n",
       "    <tr>\n",
       "      <th>...</th>\n",
       "      <td>...</td>\n",
       "      <td>...</td>\n",
       "      <td>...</td>\n",
       "      <td>...</td>\n",
       "      <td>...</td>\n",
       "      <td>...</td>\n",
       "      <td>...</td>\n",
       "    </tr>\n",
       "    <tr>\n",
       "      <th>68</th>\n",
       "      <td>11-04-2018</td>\n",
       "      <td>1027.989990</td>\n",
       "      <td>1031.364014</td>\n",
       "      <td>1015.869995</td>\n",
       "      <td>1019.969971</td>\n",
       "      <td>1019.969971</td>\n",
       "      <td>1483900</td>\n",
       "    </tr>\n",
       "    <tr>\n",
       "      <th>84</th>\n",
       "      <td>03-05-2018</td>\n",
       "      <td>1019.000000</td>\n",
       "      <td>1029.675049</td>\n",
       "      <td>1006.289978</td>\n",
       "      <td>1023.719971</td>\n",
       "      <td>1023.719971</td>\n",
       "      <td>1815100</td>\n",
       "    </tr>\n",
       "    <tr>\n",
       "      <th>63</th>\n",
       "      <td>04-04-2018</td>\n",
       "      <td>993.409973</td>\n",
       "      <td>1028.718018</td>\n",
       "      <td>993.000000</td>\n",
       "      <td>1025.140015</td>\n",
       "      <td>1025.140015</td>\n",
       "      <td>2484700</td>\n",
       "    </tr>\n",
       "    <tr>\n",
       "      <th>59</th>\n",
       "      <td>28-03-2018</td>\n",
       "      <td>998.000000</td>\n",
       "      <td>1024.229980</td>\n",
       "      <td>980.640015</td>\n",
       "      <td>1004.559998</td>\n",
       "      <td>1004.559998</td>\n",
       "      <td>3369300</td>\n",
       "    </tr>\n",
       "    <tr>\n",
       "      <th>62</th>\n",
       "      <td>03-04-2018</td>\n",
       "      <td>1013.909973</td>\n",
       "      <td>1020.989990</td>\n",
       "      <td>994.070007</td>\n",
       "      <td>1013.409973</td>\n",
       "      <td>1013.409973</td>\n",
       "      <td>2275100</td>\n",
       "    </tr>\n",
       "  </tbody>\n",
       "</table>\n",
       "<p>125 rows × 7 columns</p>\n",
       "</div>"
      ],
      "text/plain": [
       "           Date         Open         High          Low        Close  \\\n",
       "18   29-01-2018  1176.479980  1186.890015  1171.979980  1175.579956   \n",
       "117  20-06-2018  1175.310059  1186.286011  1169.160034  1169.839966   \n",
       "15   24-01-2018  1177.329956  1179.859985  1161.050049  1164.239990   \n",
       "118  21-06-2018  1174.849976  1177.295044  1152.232056  1157.660034   \n",
       "47   12-03-2018  1163.849976  1177.050049  1157.420044  1164.500000   \n",
       "..          ...          ...          ...          ...          ...   \n",
       "68   11-04-2018  1027.989990  1031.364014  1015.869995  1019.969971   \n",
       "84   03-05-2018  1019.000000  1029.675049  1006.289978  1023.719971   \n",
       "63   04-04-2018   993.409973  1028.718018   993.000000  1025.140015   \n",
       "59   28-03-2018   998.000000  1024.229980   980.640015  1004.559998   \n",
       "62   03-04-2018  1013.909973  1020.989990   994.070007  1013.409973   \n",
       "\n",
       "       Adj Close   Volume  \n",
       "18   1175.579956  1378900  \n",
       "117  1169.839966  1648500  \n",
       "15   1164.239990  1416600  \n",
       "118  1157.660034  1238100  \n",
       "47   1164.500000  2172300  \n",
       "..           ...      ...  \n",
       "68   1019.969971  1483900  \n",
       "84   1023.719971  1815100  \n",
       "63   1025.140015  2484700  \n",
       "59   1004.559998  3369300  \n",
       "62   1013.409973  2275100  \n",
       "\n",
       "[125 rows x 7 columns]"
      ]
     },
     "execution_count": 4,
     "metadata": {},
     "output_type": "execute_result"
    }
   ],
   "source": [
    "google.sort_values(\"High\", ascending=False)"
   ]
  },
  {
   "cell_type": "markdown",
   "metadata": {},
   "source": [
    "When ascending=False, it will sort the table in increasing to decreasing order."
   ]
  },
  {
   "cell_type": "code",
   "execution_count": 5,
   "metadata": {},
   "outputs": [
    {
     "data": {
      "text/html": [
       "<div>\n",
       "<style scoped>\n",
       "    .dataframe tbody tr th:only-of-type {\n",
       "        vertical-align: middle;\n",
       "    }\n",
       "\n",
       "    .dataframe tbody tr th {\n",
       "        vertical-align: top;\n",
       "    }\n",
       "\n",
       "    .dataframe thead th {\n",
       "        text-align: right;\n",
       "    }\n",
       "</style>\n",
       "<table border=\"1\" class=\"dataframe\">\n",
       "  <thead>\n",
       "    <tr style=\"text-align: right;\">\n",
       "      <th></th>\n",
       "      <th>Date</th>\n",
       "      <th>Open</th>\n",
       "      <th>High</th>\n",
       "      <th>Low</th>\n",
       "      <th>Close</th>\n",
       "      <th>Adj Close</th>\n",
       "      <th>Volume</th>\n",
       "    </tr>\n",
       "  </thead>\n",
       "  <tbody>\n",
       "    <tr>\n",
       "      <th>62</th>\n",
       "      <td>03-04-2018</td>\n",
       "      <td>1013.909973</td>\n",
       "      <td>1020.989990</td>\n",
       "      <td>994.070007</td>\n",
       "      <td>1013.409973</td>\n",
       "      <td>1013.409973</td>\n",
       "      <td>2275100</td>\n",
       "    </tr>\n",
       "    <tr>\n",
       "      <th>59</th>\n",
       "      <td>28-03-2018</td>\n",
       "      <td>998.000000</td>\n",
       "      <td>1024.229980</td>\n",
       "      <td>980.640015</td>\n",
       "      <td>1004.559998</td>\n",
       "      <td>1004.559998</td>\n",
       "      <td>3369300</td>\n",
       "    </tr>\n",
       "    <tr>\n",
       "      <th>63</th>\n",
       "      <td>04-04-2018</td>\n",
       "      <td>993.409973</td>\n",
       "      <td>1028.718018</td>\n",
       "      <td>993.000000</td>\n",
       "      <td>1025.140015</td>\n",
       "      <td>1025.140015</td>\n",
       "      <td>2484700</td>\n",
       "    </tr>\n",
       "    <tr>\n",
       "      <th>84</th>\n",
       "      <td>03-05-2018</td>\n",
       "      <td>1019.000000</td>\n",
       "      <td>1029.675049</td>\n",
       "      <td>1006.289978</td>\n",
       "      <td>1023.719971</td>\n",
       "      <td>1023.719971</td>\n",
       "      <td>1815100</td>\n",
       "    </tr>\n",
       "    <tr>\n",
       "      <th>68</th>\n",
       "      <td>11-04-2018</td>\n",
       "      <td>1027.989990</td>\n",
       "      <td>1031.364014</td>\n",
       "      <td>1015.869995</td>\n",
       "      <td>1019.969971</td>\n",
       "      <td>1019.969971</td>\n",
       "      <td>1483900</td>\n",
       "    </tr>\n",
       "    <tr>\n",
       "      <th>...</th>\n",
       "      <td>...</td>\n",
       "      <td>...</td>\n",
       "      <td>...</td>\n",
       "      <td>...</td>\n",
       "      <td>...</td>\n",
       "      <td>...</td>\n",
       "      <td>...</td>\n",
       "    </tr>\n",
       "    <tr>\n",
       "      <th>47</th>\n",
       "      <td>12-03-2018</td>\n",
       "      <td>1163.849976</td>\n",
       "      <td>1177.050049</td>\n",
       "      <td>1157.420044</td>\n",
       "      <td>1164.500000</td>\n",
       "      <td>1164.500000</td>\n",
       "      <td>2172300</td>\n",
       "    </tr>\n",
       "    <tr>\n",
       "      <th>118</th>\n",
       "      <td>21-06-2018</td>\n",
       "      <td>1174.849976</td>\n",
       "      <td>1177.295044</td>\n",
       "      <td>1152.232056</td>\n",
       "      <td>1157.660034</td>\n",
       "      <td>1157.660034</td>\n",
       "      <td>1238100</td>\n",
       "    </tr>\n",
       "    <tr>\n",
       "      <th>15</th>\n",
       "      <td>24-01-2018</td>\n",
       "      <td>1177.329956</td>\n",
       "      <td>1179.859985</td>\n",
       "      <td>1161.050049</td>\n",
       "      <td>1164.239990</td>\n",
       "      <td>1164.239990</td>\n",
       "      <td>1416600</td>\n",
       "    </tr>\n",
       "    <tr>\n",
       "      <th>117</th>\n",
       "      <td>20-06-2018</td>\n",
       "      <td>1175.310059</td>\n",
       "      <td>1186.286011</td>\n",
       "      <td>1169.160034</td>\n",
       "      <td>1169.839966</td>\n",
       "      <td>1169.839966</td>\n",
       "      <td>1648500</td>\n",
       "    </tr>\n",
       "    <tr>\n",
       "      <th>18</th>\n",
       "      <td>29-01-2018</td>\n",
       "      <td>1176.479980</td>\n",
       "      <td>1186.890015</td>\n",
       "      <td>1171.979980</td>\n",
       "      <td>1175.579956</td>\n",
       "      <td>1175.579956</td>\n",
       "      <td>1378900</td>\n",
       "    </tr>\n",
       "  </tbody>\n",
       "</table>\n",
       "<p>125 rows × 7 columns</p>\n",
       "</div>"
      ],
      "text/plain": [
       "           Date         Open         High          Low        Close  \\\n",
       "62   03-04-2018  1013.909973  1020.989990   994.070007  1013.409973   \n",
       "59   28-03-2018   998.000000  1024.229980   980.640015  1004.559998   \n",
       "63   04-04-2018   993.409973  1028.718018   993.000000  1025.140015   \n",
       "84   03-05-2018  1019.000000  1029.675049  1006.289978  1023.719971   \n",
       "68   11-04-2018  1027.989990  1031.364014  1015.869995  1019.969971   \n",
       "..          ...          ...          ...          ...          ...   \n",
       "47   12-03-2018  1163.849976  1177.050049  1157.420044  1164.500000   \n",
       "118  21-06-2018  1174.849976  1177.295044  1152.232056  1157.660034   \n",
       "15   24-01-2018  1177.329956  1179.859985  1161.050049  1164.239990   \n",
       "117  20-06-2018  1175.310059  1186.286011  1169.160034  1169.839966   \n",
       "18   29-01-2018  1176.479980  1186.890015  1171.979980  1175.579956   \n",
       "\n",
       "       Adj Close   Volume  \n",
       "62   1013.409973  2275100  \n",
       "59   1004.559998  3369300  \n",
       "63   1025.140015  2484700  \n",
       "84   1023.719971  1815100  \n",
       "68   1019.969971  1483900  \n",
       "..           ...      ...  \n",
       "47   1164.500000  2172300  \n",
       "118  1157.660034  1238100  \n",
       "15   1164.239990  1416600  \n",
       "117  1169.839966  1648500  \n",
       "18   1175.579956  1378900  \n",
       "\n",
       "[125 rows x 7 columns]"
      ]
     },
     "execution_count": 5,
     "metadata": {},
     "output_type": "execute_result"
    }
   ],
   "source": [
    "google.sort_values(\"High\", na_position=\"first\") # Now, all NaN will appear first. There is no NaN in table as of now."
   ]
  },
  {
   "cell_type": "code",
   "execution_count": 6,
   "metadata": {},
   "outputs": [
    {
     "data": {
      "text/html": [
       "<div>\n",
       "<style scoped>\n",
       "    .dataframe tbody tr th:only-of-type {\n",
       "        vertical-align: middle;\n",
       "    }\n",
       "\n",
       "    .dataframe tbody tr th {\n",
       "        vertical-align: top;\n",
       "    }\n",
       "\n",
       "    .dataframe thead th {\n",
       "        text-align: right;\n",
       "    }\n",
       "</style>\n",
       "<table border=\"1\" class=\"dataframe\">\n",
       "  <thead>\n",
       "    <tr style=\"text-align: right;\">\n",
       "      <th></th>\n",
       "      <th>Date</th>\n",
       "      <th>Open</th>\n",
       "      <th>High</th>\n",
       "      <th>Low</th>\n",
       "      <th>Close</th>\n",
       "      <th>Adj Close</th>\n",
       "      <th>Volume</th>\n",
       "    </tr>\n",
       "  </thead>\n",
       "  <tbody>\n",
       "    <tr>\n",
       "      <th>63</th>\n",
       "      <td>04-04-2018</td>\n",
       "      <td>993.409973</td>\n",
       "      <td>1028.718018</td>\n",
       "      <td>993.000000</td>\n",
       "      <td>1025.140015</td>\n",
       "      <td>1025.140015</td>\n",
       "      <td>2484700</td>\n",
       "    </tr>\n",
       "    <tr>\n",
       "      <th>59</th>\n",
       "      <td>28-03-2018</td>\n",
       "      <td>998.000000</td>\n",
       "      <td>1024.229980</td>\n",
       "      <td>980.640015</td>\n",
       "      <td>1004.559998</td>\n",
       "      <td>1004.559998</td>\n",
       "      <td>3369300</td>\n",
       "    </tr>\n",
       "    <tr>\n",
       "      <th>60</th>\n",
       "      <td>29-03-2018</td>\n",
       "      <td>1011.630005</td>\n",
       "      <td>1043.000000</td>\n",
       "      <td>1002.900024</td>\n",
       "      <td>1031.790039</td>\n",
       "      <td>1031.790039</td>\n",
       "      <td>2726800</td>\n",
       "    </tr>\n",
       "    <tr>\n",
       "      <th>82</th>\n",
       "      <td>01-05-2018</td>\n",
       "      <td>1013.659973</td>\n",
       "      <td>1038.469971</td>\n",
       "      <td>1008.210022</td>\n",
       "      <td>1037.310059</td>\n",
       "      <td>1037.310059</td>\n",
       "      <td>1427900</td>\n",
       "    </tr>\n",
       "    <tr>\n",
       "      <th>62</th>\n",
       "      <td>03-04-2018</td>\n",
       "      <td>1013.909973</td>\n",
       "      <td>1020.989990</td>\n",
       "      <td>994.070007</td>\n",
       "      <td>1013.409973</td>\n",
       "      <td>1013.409973</td>\n",
       "      <td>2275100</td>\n",
       "    </tr>\n",
       "    <tr>\n",
       "      <th>...</th>\n",
       "      <td>...</td>\n",
       "      <td>...</td>\n",
       "      <td>...</td>\n",
       "      <td>...</td>\n",
       "      <td>...</td>\n",
       "      <td>...</td>\n",
       "      <td>...</td>\n",
       "    </tr>\n",
       "    <tr>\n",
       "      <th>118</th>\n",
       "      <td>21-06-2018</td>\n",
       "      <td>1174.849976</td>\n",
       "      <td>1177.295044</td>\n",
       "      <td>1152.232056</td>\n",
       "      <td>1157.660034</td>\n",
       "      <td>1157.660034</td>\n",
       "      <td>1238100</td>\n",
       "    </tr>\n",
       "    <tr>\n",
       "      <th>17</th>\n",
       "      <td>26-01-2018</td>\n",
       "      <td>1175.079956</td>\n",
       "      <td>1175.839966</td>\n",
       "      <td>1158.109985</td>\n",
       "      <td>1175.839966</td>\n",
       "      <td>1175.839966</td>\n",
       "      <td>2018800</td>\n",
       "    </tr>\n",
       "    <tr>\n",
       "      <th>117</th>\n",
       "      <td>20-06-2018</td>\n",
       "      <td>1175.310059</td>\n",
       "      <td>1186.286011</td>\n",
       "      <td>1169.160034</td>\n",
       "      <td>1169.839966</td>\n",
       "      <td>1169.839966</td>\n",
       "      <td>1648500</td>\n",
       "    </tr>\n",
       "    <tr>\n",
       "      <th>18</th>\n",
       "      <td>29-01-2018</td>\n",
       "      <td>1176.479980</td>\n",
       "      <td>1186.890015</td>\n",
       "      <td>1171.979980</td>\n",
       "      <td>1175.579956</td>\n",
       "      <td>1175.579956</td>\n",
       "      <td>1378900</td>\n",
       "    </tr>\n",
       "    <tr>\n",
       "      <th>15</th>\n",
       "      <td>24-01-2018</td>\n",
       "      <td>1177.329956</td>\n",
       "      <td>1179.859985</td>\n",
       "      <td>1161.050049</td>\n",
       "      <td>1164.239990</td>\n",
       "      <td>1164.239990</td>\n",
       "      <td>1416600</td>\n",
       "    </tr>\n",
       "  </tbody>\n",
       "</table>\n",
       "<p>125 rows × 7 columns</p>\n",
       "</div>"
      ],
      "text/plain": [
       "           Date         Open         High          Low        Close  \\\n",
       "63   04-04-2018   993.409973  1028.718018   993.000000  1025.140015   \n",
       "59   28-03-2018   998.000000  1024.229980   980.640015  1004.559998   \n",
       "60   29-03-2018  1011.630005  1043.000000  1002.900024  1031.790039   \n",
       "82   01-05-2018  1013.659973  1038.469971  1008.210022  1037.310059   \n",
       "62   03-04-2018  1013.909973  1020.989990   994.070007  1013.409973   \n",
       "..          ...          ...          ...          ...          ...   \n",
       "118  21-06-2018  1174.849976  1177.295044  1152.232056  1157.660034   \n",
       "17   26-01-2018  1175.079956  1175.839966  1158.109985  1175.839966   \n",
       "117  20-06-2018  1175.310059  1186.286011  1169.160034  1169.839966   \n",
       "18   29-01-2018  1176.479980  1186.890015  1171.979980  1175.579956   \n",
       "15   24-01-2018  1177.329956  1179.859985  1161.050049  1164.239990   \n",
       "\n",
       "       Adj Close   Volume  \n",
       "63   1025.140015  2484700  \n",
       "59   1004.559998  3369300  \n",
       "60   1031.790039  2726800  \n",
       "82   1037.310059  1427900  \n",
       "62   1013.409973  2275100  \n",
       "..           ...      ...  \n",
       "118  1157.660034  1238100  \n",
       "17   1175.839966  2018800  \n",
       "117  1169.839966  1648500  \n",
       "18   1175.579956  1378900  \n",
       "15   1164.239990  1416600  \n",
       "\n",
       "[125 rows x 7 columns]"
      ]
     },
     "execution_count": 6,
     "metadata": {},
     "output_type": "execute_result"
    }
   ],
   "source": [
    "google.sort_values(\"Open\")\n",
    "# Through this statement, data will be arranged by values under \"Open\" column with all NaN values occuring in last."
   ]
  },
  {
   "cell_type": "markdown",
   "metadata": {},
   "source": [
    "Currently there are no NaN values in our entire table, so it does not appear."
   ]
  }
 ],
 "metadata": {
  "kernelspec": {
   "display_name": "Python 3",
   "language": "python",
   "name": "python3"
  },
  "language_info": {
   "codemirror_mode": {
    "name": "ipython",
    "version": 3
   },
   "file_extension": ".py",
   "mimetype": "text/x-python",
   "name": "python",
   "nbconvert_exporter": "python",
   "pygments_lexer": "ipython3",
   "version": "3.7.1"
  }
 },
 "nbformat": 4,
 "nbformat_minor": 2
}
